[gd_scene load_steps=25 format=3 uid="uid://nrtfjmfxo36m"]

[ext_resource type="Script" path="res://Objects/main_scene.gd" id="1_7is67"]
[ext_resource type="PackedScene" uid="uid://ore5g1k0lwj6" path="res://Objects/PLayer/player.tscn" id="1_40nht"]
[ext_resource type="PackedScene" uid="uid://b5mf2pryfd5ac" path="res://Objects/Menu/end_screen.tscn" id="2_h6tem"]
[ext_resource type="Theme" uid="uid://bt3hpldff7hr1" path="res://_2d/mainUITheme.tres" id="3_704xr"]
[ext_resource type="PackedScene" uid="uid://d03owsy0w3hxq" path="res://Objects/InGame/in_game_interface.tscn" id="4_xuby6"]
[ext_resource type="PackedScene" uid="uid://dwobrhpbxngmq" path="res://Objects/Collectables/soap_dash_collect.tscn" id="5_5mqlw"]
[ext_resource type="PackedScene" uid="uid://gu5yli2fhgw3" path="res://Objects/Obstacles/sponge.tscn" id="7_2pjk2"]
[ext_resource type="PackedScene" uid="uid://dettanh8g3s76" path="res://Objects/Bathtub/bathtub.tscn" id="9_m7x11"]
[ext_resource type="PackedScene" uid="uid://chfwpm7hb8edl" path="res://Objects/Enemies/duck_spawner.tscn" id="11_2oa1m"]
[ext_resource type="PackedScene" uid="uid://b20r5ym40unqh" path="res://Objects/Obstacles/ramp.tscn" id="11_r4sra"]
[ext_resource type="PackedScene" uid="uid://cbxkx8vb2r4ji" path="res://Objects/Obstacles/grind_rail.tscn" id="12_hpu5s"]
[ext_resource type="PackedScene" uid="uid://8kntem7l4nai" path="res://Objects/Obstacles/shower_head.tscn" id="13_d61pc"]
[ext_resource type="PackedScene" uid="uid://c2m6uu3waqjq4" path="res://Objects/Obstacles/deo.tscn" id="13_pl8pg"]
[ext_resource type="PackedScene" uid="uid://ewnrjqspkupx" path="res://Objects/Obstacles/lotion.tscn" id="13_tuf0d"]

[sub_resource type="Animation" id="Animation_4yj2r"]
resource_name = "FadeBlackIn"
step = 0.1
tracks/0/type = "value"
tracks/0/imported = false
tracks/0/enabled = true
tracks/0/path = NodePath("ColorRect:color")
tracks/0/interp = 1
tracks/0/loop_wrap = true
tracks/0/keys = {
"times": PackedFloat32Array(0, 1),
"transitions": PackedFloat32Array(1, 1),
"update": 0,
"values": [Color(0, 0, 0, 1), Color(0, 0, 0, 0)]
}
tracks/1/type = "method"
tracks/1/imported = false
tracks/1/enabled = true
tracks/1/path = NodePath("..")
tracks/1/interp = 1
tracks/1/loop_wrap = true
tracks/1/keys = {
"times": PackedFloat32Array(0.4),
"transitions": PackedFloat32Array(1),
"values": [{
"args": [],
"method": &"done_fading"
}]
}

[sub_resource type="Animation" id="Animation_kmyfp"]
resource_name = "FadeBlackOut"
tracks/0/type = "value"
tracks/0/imported = false
tracks/0/enabled = true
tracks/0/path = NodePath("ColorRect:color")
tracks/0/interp = 1
tracks/0/loop_wrap = true
tracks/0/keys = {
"times": PackedFloat32Array(0, 1),
"transitions": PackedFloat32Array(1, 1),
"update": 0,
"values": [Color(0, 0, 0, 0), Color(0, 0, 0, 1)]
}

[sub_resource type="Animation" id="Animation_wpsa0"]
length = 0.001
tracks/0/type = "value"
tracks/0/imported = false
tracks/0/enabled = true
tracks/0/path = NodePath("ColorRect:color")
tracks/0/interp = 1
tracks/0/loop_wrap = true
tracks/0/keys = {
"times": PackedFloat32Array(0),
"transitions": PackedFloat32Array(1),
"update": 0,
"values": [Color(0, 0, 0, 1)]
}

[sub_resource type="AnimationLibrary" id="AnimationLibrary_dfjoo"]
_data = {
"FadeBlackIn": SubResource("Animation_4yj2r"),
"FadeBlackOut": SubResource("Animation_kmyfp"),
"RESET": SubResource("Animation_wpsa0")
}

[sub_resource type="Animation" id="Animation_nl1wl"]
length = 0.001
tracks/0/type = "value"
tracks/0/imported = false
tracks/0/enabled = true
tracks/0/path = NodePath("Control/VBoxContainer/CenterContainer/Control/Label:rotation")
tracks/0/interp = 1
tracks/0/loop_wrap = true
tracks/0/keys = {
"times": PackedFloat32Array(0),
"transitions": PackedFloat32Array(1),
"update": 0,
"values": [0.0]
}
tracks/1/type = "value"
tracks/1/imported = false
tracks/1/enabled = true
tracks/1/path = NodePath("Control/VBoxContainer/CenterContainer/Control/Label:position")
tracks/1/interp = 1
tracks/1/loop_wrap = true
tracks/1/keys = {
"times": PackedFloat32Array(0),
"transitions": PackedFloat32Array(1),
"update": 0,
"values": [Vector2(-313, -28)]
}
tracks/2/type = "value"
tracks/2/imported = false
tracks/2/enabled = true
tracks/2/path = NodePath(".:visible")
tracks/2/interp = 1
tracks/2/loop_wrap = true
tracks/2/keys = {
"times": PackedFloat32Array(0),
"transitions": PackedFloat32Array(1),
"update": 1,
"values": [false]
}

[sub_resource type="Animation" id="Animation_4nj6l"]
resource_name = "ShowText"
length = 6.0
step = 0.5
tracks/0/type = "value"
tracks/0/imported = false
tracks/0/enabled = true
tracks/0/path = NodePath("Control/VBoxContainer/CenterContainer/Control/Label:rotation")
tracks/0/interp = 2
tracks/0/loop_wrap = true
tracks/0/keys = {
"times": PackedFloat32Array(0, 0.5, 1.5, 2, 2.5, 3.5, 4, 4.5, 5.5, 6),
"transitions": PackedFloat32Array(1, 1, 1, 1, 1, 1, 1, 1, 1, 1),
"update": 0,
"values": [0.0, -0.0872665, 0.0872665, 0.0, -0.0872665, 0.0872665, 0.0, -0.0872665, 0.0872665, 0.0]
}
tracks/1/type = "value"
tracks/1/imported = false
tracks/1/enabled = true
tracks/1/path = NodePath("Control/VBoxContainer/CenterContainer/Control/Label:position")
tracks/1/interp = 2
tracks/1/loop_wrap = true
tracks/1/keys = {
"times": PackedFloat32Array(0, 0.5, 1.5, 2, 2.5, 3.5, 4, 4.5, 5.5, 6),
"transitions": PackedFloat32Array(1, 1, 1, 1, 1, 1, 1, 1, 1, 1),
"update": 0,
"values": [Vector2(-313, -28), Vector2(-313, -5), Vector2(-313, -45), Vector2(-313, -28), Vector2(-313, -5), Vector2(-313, -45), Vector2(-313, -28), Vector2(-313, -5), Vector2(-313, -45), Vector2(-313, -28)]
}
tracks/2/type = "value"
tracks/2/imported = false
tracks/2/enabled = true
tracks/2/path = NodePath(".:visible")
tracks/2/interp = 1
tracks/2/loop_wrap = true
tracks/2/keys = {
"times": PackedFloat32Array(0, 6),
"transitions": PackedFloat32Array(1, 1),
"update": 1,
"values": [true, false]
}

[sub_resource type="AnimationLibrary" id="AnimationLibrary_6723h"]
_data = {
"RESET": SubResource("Animation_nl1wl"),
"ShowText": SubResource("Animation_4nj6l")
}

[sub_resource type="ProceduralSkyMaterial" id="ProceduralSkyMaterial_n0aft"]
sky_top_color = Color(0.149387, 0.466179, 0.722176, 1)
sky_horizon_color = Color(0.929568, 0.802664, 0.908861, 1)
ground_bottom_color = Color(0.582921, 0.777612, 0.985227, 1)

[sub_resource type="Sky" id="Sky_73wsh"]
sky_material = SubResource("ProceduralSkyMaterial_n0aft")

[sub_resource type="Environment" id="Environment_fgrld"]
background_mode = 2
sky = SubResource("Sky_73wsh")
sky_custom_fov = 130.0
reflected_light_source = 2
tonemap_mode = 1
tonemap_exposure = 1.2
volumetric_fog_density = 0.005

[node name="MainScene" type="Node3D"]
script = ExtResource("1_7is67")

[node name="BlackScreen" type="CanvasLayer" parent="."]
layer = 100

[node name="ColorRect" type="ColorRect" parent="BlackScreen"]
anchors_preset = 15
anchor_right = 1.0
anchor_bottom = 1.0
grow_horizontal = 2
grow_vertical = 2
color = Color(0, 0, 0, 1)

[node name="ScreenAnimationPlayer" type="AnimationPlayer" parent="BlackScreen"]
libraries = {
"": SubResource("AnimationLibrary_dfjoo")
}

[node name="EndScreen" parent="." instance=ExtResource("2_h6tem")]

[node name="CanvasLayer" type="CanvasLayer" parent="."]
visible = false

[node name="Control" type="Control" parent="CanvasLayer"]
layout_mode = 3
anchors_preset = 15
anchor_right = 1.0
anchor_bottom = 1.0
grow_horizontal = 2
grow_vertical = 2
theme = ExtResource("3_704xr")

[node name="VBoxContainer" type="VBoxContainer" parent="CanvasLayer/Control"]
layout_mode = 1
anchors_preset = 15
anchor_right = 1.0
anchor_bottom = 1.0
grow_horizontal = 2
grow_vertical = 2

[node name="MarginContainer2" type="MarginContainer" parent="CanvasLayer/Control/VBoxContainer"]
custom_minimum_size = Vector2(0, 50)
layout_mode = 2

[node name="CenterContainer" type="CenterContainer" parent="CanvasLayer/Control/VBoxContainer"]
layout_mode = 2
size_flags_vertical = 3

[node name="Control" type="Control" parent="CanvasLayer/Control/VBoxContainer/CenterContainer"]
layout_mode = 2

[node name="Label" type="Label" parent="CanvasLayer/Control/VBoxContainer/CenterContainer/Control"]
layout_mode = 2
offset_left = -313.0
offset_top = -28.0
offset_right = 312.0
offset_bottom = 28.0
theme_override_colors/font_outline_color = Color(0.764677, 0.000924495, 0.840326, 1)
theme_override_constants/outline_size = 32
text = "THE DUCKS ARE COMING!!!"

[node name="MarginContainer" type="MarginContainer" parent="CanvasLayer/Control/VBoxContainer"]
custom_minimum_size = Vector2(0, 400)
layout_mode = 2

[node name="DuckAnimationPlayer" type="AnimationPlayer" parent="CanvasLayer"]
libraries = {
"": SubResource("AnimationLibrary_6723h")
}

[node name="InGameInterface" parent="." instance=ExtResource("4_xuby6")]

[node name="WorldEnvironment" type="WorldEnvironment" parent="."]
environment = SubResource("Environment_fgrld")

[node name="DirectionalLight3D" type="DirectionalLight3D" parent="WorldEnvironment"]
transform = Transform3D(1, 0, 0, 0, 0.520369, 0.853942, 0, -0.853942, 0.520369, 0, 3.87393, 4.81974)
light_color = Color(0.752147, 0.858231, 0.958018, 1)
light_energy = 1.3
shadow_enabled = true
directional_shadow_max_distance = 500.0

[node name="Player" parent="." groups=["Player"] instance=ExtResource("1_40nht")]
transform = Transform3D(1, 0, 0, 0, 1, 0, 0, 0, 1, 0, -13.4811, -44.3057)

[node name="Collectables" type="Node3D" parent="."]

[node name="SoapDashCollect" parent="Collectables" instance=ExtResource("5_5mqlw")]
transform = Transform3D(1, 0, 0, 0, 1, 0, 0, 0, 1, 0, 4.1952, -100.669)

[node name="SoapDashCollect5" parent="Collectables" instance=ExtResource("5_5mqlw")]
transform = Transform3D(1, 0, 0, 0, 1, 0, 0, 0, 1, 84.5163, 23.4855, -54.5378)
snap_to_ground = false

[node name="SoapDashCollect6" parent="Collectables" instance=ExtResource("5_5mqlw")]
transform = Transform3D(1, 0, 0, 0, 1, 0, 0, 0, 1, 86.9233, 23.4855, -76.3859)
snap_to_ground = false

[node name="SoapDashCollect7" parent="Collectables" instance=ExtResource("5_5mqlw")]
transform = Transform3D(1, 0, 0, 0, 1, 0, 0, 0, 1, 69.4163, 23.4855, -76.3859)
snap_to_ground = false

[node name="SoapDashCollect8" parent="Collectables" instance=ExtResource("5_5mqlw")]
transform = Transform3D(1, 0, 0, 0, 1, 0, 0, 0, 1, 44.3214, -3.62602, -5.41599)
snap_to_ground = false

[node name="SoapDashCollect11" parent="Collectables" instance=ExtResource("5_5mqlw")]
transform = Transform3D(1, 0, 0, 0, 1, 0, 0, 0, 1, 36.5388, -3.62602, 13.1107)
snap_to_ground = false

[node name="SoapDashCollect12" parent="Collectables" instance=ExtResource("5_5mqlw")]
transform = Transform3D(0.54616, 0, 0.837681, 0, 1, 0, -0.837681, 0, 0.54616, -26.1284, 6.03782, -94.2058)

[node name="SoapDashCollect13" parent="Collectables" instance=ExtResource("5_5mqlw")]
transform = Transform3D(0.54616, 0, 0.837681, 0, 1, 0, -0.837681, 0, 0.54616, -16.5064, 21.0585, -97.5414)

[node name="SoapDashCollect16" parent="Collectables" instance=ExtResource("5_5mqlw")]
transform = Transform3D(0.54616, 0, 0.837681, 0, 1, 0, -0.837681, 0, 0.54616, -12.5547, 41.5539, -98.7239)
snap_to_ground = false
show_pop_up = true

[node name="SoapDashCollect9" parent="Collectables" instance=ExtResource("5_5mqlw")]
transform = Transform3D(1, 0, 0, 0, 1, 0, 0, 0, 1, 44.3214, 7.01457, -5.41599)
snap_to_ground = false

[node name="SoapDashCollect10" parent="Collectables" instance=ExtResource("5_5mqlw")]
transform = Transform3D(1, 0, 0, 0, 1, 0, 0, 0, 1, 36.4771, 7.01457, 13.4432)
snap_to_ground = false

[node name="SoapDashCollect14" parent="Collectables" instance=ExtResource("5_5mqlw")]
transform = Transform3D(1, 0, 0, 0, 1, 0, 0, 0, 1, 41.4141, 30.7794, -1.57424)
snap_to_ground = false
show_pop_up = true

[node name="SoapDashCollect15" parent="Collectables" instance=ExtResource("5_5mqlw")]
transform = Transform3D(1, 0, 0, 0, 1, 0, 0, 0, 1, 37.5154, 30.7794, 9.49766)
snap_to_ground = false
show_pop_up = true

[node name="SoapDashCollect2" parent="Collectables" instance=ExtResource("5_5mqlw")]
transform = Transform3D(0.957893, 0.287126, 0, -0.287126, 0.957893, 0, 0, 0, 1, -105.802, 4.92164, 9.77887)

[node name="SoapDashCollect17" parent="Collectables" instance=ExtResource("5_5mqlw")]
transform = Transform3D(0.911612, 0, 0.411053, 0, 1, 0, -0.411053, 0, 0.911612, -79.6255, 6.06098, 69.6032)
snap_to_ground = false

[node name="SoapDashCollect18" parent="Collectables" instance=ExtResource("5_5mqlw")]
transform = Transform3D(0.911612, 0, 0.411053, 0, 1, 0, -0.411053, 0, 0.911612, -51.7327, 6.06098, 86.9221)
snap_to_ground = false

[node name="SoapDashCollect22" parent="Collectables" instance=ExtResource("5_5mqlw")]
transform = Transform3D(0.911612, 0, 0.411053, 0, 1, 0, -0.411053, 0, 0.911612, -70.6537, 14.6319, 88.8535)
snap_to_ground = false

[node name="SoapDashCollect23" parent="Collectables" instance=ExtResource("5_5mqlw")]
transform = Transform3D(0.911612, 0, 0.411053, 0, 1, 0, -0.411053, 0, 0.911612, -68.118, 41.4776, 87.9622)
snap_to_ground = false
show_pop_up = true

[node name="SoapDashCollect19" parent="Collectables" instance=ExtResource("5_5mqlw")]
transform = Transform3D(1, 0, 0, 0, 1, 0, 0, 0, 1, 76.849, 21.4505, 60.5374)
snap_to_ground = false

[node name="SoapDashCollect20" parent="Collectables" instance=ExtResource("5_5mqlw")]
transform = Transform3D(1, 0, 0, 0, 1, 0, 0, 0, 1, 57.1608, 21.4505, 89.0652)
snap_to_ground = false

[node name="SoapDashCollect21" parent="Collectables" instance=ExtResource("5_5mqlw")]
transform = Transform3D(1, 0, 0, 0, 1, 0, 0, 0, 1, 44.0053, 6.57372, 58.9294)
snap_to_ground = false

[node name="SoapDashCollect3" parent="Collectables" instance=ExtResource("5_5mqlw")]
transform = Transform3D(1, 0, 0, 0, 1, 0, 0, 0, 1, 102.451, 9.15002, 9.77887)

[node name="SoapDashCollect4" parent="Collectables" instance=ExtResource("5_5mqlw")]
transform = Transform3D(1, 0, 0, 0, 1, 0, 0, 0, 1, -1.80773, 9.15002, 100.047)

[node name="Obstacles" type="Node3D" parent="."]

[node name="Enemies" type="Node3D" parent="."]

[node name="Particles" type="Node3D" parent="."]

[node name="Spawner" type="Node3D" parent="."]

[node name="DuckSpawner" parent="Spawner" instance=ExtResource("11_2oa1m")]
transform = Transform3D(1, 0, 0, 0, 1, 0, 0, 0, 1, -60.314, 69.2024, 168.97)

[node name="DuckSpawner2" parent="Spawner" instance=ExtResource("11_2oa1m")]
transform = Transform3D(1, 0, 0, 0, 1, 0, 0, 0, 1, 44.2519, 69.2024, 155.464)

[node name="DuckSpawner3" parent="Spawner" instance=ExtResource("11_2oa1m")]
transform = Transform3D(1, 0, 0, 0, 1, 0, 0, 0, 1, -67.0941, 69.2024, -178.001)

[node name="DuckSpawner4" parent="Spawner" instance=ExtResource("11_2oa1m")]
transform = Transform3D(1, 0, 0, 0, 1, 0, 0, 0, 1, -152.557, 70.9692, -153.096)

[node name="DuckSpawner5" parent="Spawner" instance=ExtResource("11_2oa1m")]
transform = Transform3D(1, 0, 0, 0, 1, 0, 0, 0, 1, 157.471, 69.2024, -51.784)

[node name="DuckSpawner6" parent="Spawner" instance=ExtResource("11_2oa1m")]
transform = Transform3D(1, 0, 0, 0, 1, 0, 0, 0, 1, 151.247, 69.2024, -152.489)

[node name="DuckSpawner7" parent="Spawner" instance=ExtResource("11_2oa1m")]
transform = Transform3D(1, 0, 0, 0, 1, 0, 0, 0, 1, 176.056, 69.923, 114.891)

[node name="DuckSpawner8" parent="Spawner" instance=ExtResource("11_2oa1m")]
transform = Transform3D(1, 0, 0, 0, 1, 0, 0, 0, 1, 163.868, 69.2024, 137.319)

[node name="DuckSpawner15" parent="Spawner" instance=ExtResource("11_2oa1m")]
transform = Transform3D(1, 0, 0, 0, 1, 0, 0, 0, 1, 121.306, 69.2024, 169.733)

[node name="DuckSpawner16" parent="Spawner" instance=ExtResource("11_2oa1m")]
transform = Transform3D(1, 0, 0, 0, 1, 0, 0, 0, 1, 49.3592, 69.2024, 164.466)

[node name="DuckSpawner9" parent="Spawner" instance=ExtResource("11_2oa1m")]
transform = Transform3D(1, 0, 0, 0, 1, 0, 0, 0, 1, -178.419, 69.2024, 74.5101)

[node name="DuckSpawner10" parent="Spawner" instance=ExtResource("11_2oa1m")]
transform = Transform3D(1, 0, 0, 0, 1, 0, 0, 0, 1, -178.419, 69.2024, 42.2746)

[node name="FinalCam" type="Camera3D" parent="."]
transform = Transform3D(1, 0, 0, 0, -4.37114e-08, 1, 0, -1, -4.37114e-08, 0, 230, 0)

[node name="Bathtub" parent="." instance=ExtResource("9_m7x11")]

[node name="FixElements" type="Node3D" parent="."]

[node name="Sponge" parent="FixElements" instance=ExtResource("7_2pjk2")]
transform = Transform3D(0.957923, 0, 0.287026, 0, 1, 0, -0.287026, 0, 0.957923, 84.9485, 2.24305, -54.3213)

[node name="Sponge4" parent="FixElements" instance=ExtResource("7_2pjk2")]
transform = Transform3D(0.957923, 0, 0.287026, 0, 1, 0, -0.287026, 0, 0.957923, -46.4446, -13.7364, 3.60761)

[node name="Sponge2" parent="FixElements" instance=ExtResource("7_2pjk2")]
transform = Transform3D(0.770012, 0, -0.638029, 0, 1, 0, 0.638029, 0, 0.770012, 68.653, 2.24305, -76.0788)

[node name="Sponge3" parent="FixElements" instance=ExtResource("7_2pjk2")]
transform = Transform3D(0.770012, 0, -0.638029, 0, 1, 0, 0.638029, 0, 0.770012, 86.858, 2.24305, -76.0788)

[node name="Ramp" parent="FixElements" instance=ExtResource("11_r4sra")]
transform = Transform3D(0.279025, 0, -0.960284, 0, 1, 0, 0.960284, 0, 0.279025, -21.8753, 2.32624, -96.2715)

[node name="Ramp2" parent="FixElements" instance=ExtResource("11_r4sra")]
transform = Transform3D(-0.9339, -0.104698, 0.341861, -0.0846631, 0.993728, 0.0730556, -0.347365, 0.0392836, -0.936906, 45.9812, -13.7806, -9.85338)

[node name="Ramp3" parent="FixElements" instance=ExtResource("11_r4sra")]
transform = Transform3D(0.936059, 0, -0.351842, 0, 1, 0, 0.351842, 0, 0.936059, 35.038, -13.3298, 18.4785)

[node name="Ramp4" parent="FixElements" instance=ExtResource("11_r4sra")]
transform = Transform3D(0.74833, 0, -0.663326, 0, 1, 0, 0.663326, 0, 0.74833, -73.7129, 2.30552, 92.2181)

[node name="GrindRail" parent="FixElements" node_paths=PackedStringArray("player") instance=ExtResource("12_hpu5s")]
transform = Transform3D(0.522767, 0, 0.852476, 0, 1, 0, -0.852476, 0, 0.522767, -66.2154, 3.08421, 77.8807)
player = NodePath("../../Player")

[node name="GrindRail2" parent="FixElements" node_paths=PackedStringArray("player") instance=ExtResource("12_hpu5s")]
transform = Transform3D(0.826305, 0, -0.563224, 0, 1, 0, 0.563224, 0, 0.826305, 67.4615, 18.579, 74.867)
player = NodePath("../../Player")

[node name="GrindRail3" parent="FixElements" node_paths=PackedStringArray("player") instance=ExtResource("12_hpu5s")]
transform = Transform3D(-0.541958, 0, -0.840406, 0, 1, 0, 0.840406, 0, -0.541958, 63.5678, 3.14597, 71.5042)
player = NodePath("../../Player")

[node name="Deo" parent="FixElements" instance=ExtResource("13_pl8pg")]
transform = Transform3D(0.495049, 0, -0.868865, 0, 1, 0, 0.868865, 0, 0.495049, 58.5759, 8.64629, 88.0007)

[node name="Deo3" parent="FixElements" instance=ExtResource("13_pl8pg")]
transform = Transform3D(-0.311257, 0, -0.950326, 0, 1, 0, 0.950326, 0, -0.311257, 176.788, 74.316, 88.0007)
have_coll = false

[node name="Deo4" parent="FixElements" instance=ExtResource("13_pl8pg")]
transform = Transform3D(-0.311257, 0, -0.950326, 0, 1, 0, 0.950326, 0, -0.311257, 182.487, 74.316, 82.7279)
have_coll = false

[node name="Deo5" parent="FixElements" instance=ExtResource("13_pl8pg")]
transform = Transform3D(-0.311257, 0, -0.950326, 0, 1, 0, 0.950326, 0, -0.311257, 168.933, 74.316, -123.219)
have_coll = false

[node name="Deo6" parent="FixElements" instance=ExtResource("13_pl8pg")]
transform = Transform3D(0.0480506, -0.755423, -0.653473, 0.998518, 0.0530537, 0.0120914, 0.025535, -0.653085, 0.756853, 161.554, 69.7965, -132.532)
have_coll = false

[node name="Deo7" parent="FixElements" instance=ExtResource("13_pl8pg")]
transform = Transform3D(0.0480506, -0.755423, -0.653473, 0.998518, 0.0530537, 0.0120914, 0.025535, -0.653085, 0.756853, -25.4261, 69.7965, -143.318)
have_coll = false

[node name="Deo2" parent="FixElements" instance=ExtResource("13_pl8pg")]
transform = Transform3D(-0.591, 0, -0.806672, 0, 1, 0, 0.806672, 0, -0.591, 75.2138, 8.64629, 64.7522)

[node name="Sponge5" parent="FixElements" instance=ExtResource("7_2pjk2")]
transform = Transform3D(1.4919, 0, 0, 0, 1, 0, 0, 0, 1.4919, 0, -13.8897, 0)
visible = false

[node name="Lotion" parent="FixElements" instance=ExtResource("13_tuf0d")]
transform = Transform3D(0.498109, 0, 0.867114, 0, 1, 0, -0.867114, 0, 0.498109, -148.803, 66.9059, 30.5109)

[node name="Lotion2" parent="FixElements" instance=ExtResource("13_tuf0d")]
transform = Transform3D(-0.580078, 0, 0.814561, 0, 1, 0, -0.814561, 0, -0.580078, -148.803, 66.9059, 159.626)

[node name="Lotion3" parent="FixElements" instance=ExtResource("13_tuf0d")]
transform = Transform3D(-0.993661, 0.111485, 0.0144932, -0.0289228, -0.128926, -0.991232, -0.108639, -0.985368, 0.131333, -136.705, 69.354, 174.052)

[node name="Lotion4" parent="FixElements" instance=ExtResource("13_tuf0d")]
transform = Transform3D(-0.886131, 0, 0.463435, 0, 1, 0, -0.463435, 0, -0.886131, 33.6985, 66.4879, 145.65)

[node name="GrindRail4" parent="FixElements" node_paths=PackedStringArray("player") instance=ExtResource("12_hpu5s")]
transform = Transform3D(-0.420086, 0, 0.907484, 0, 1, 0, -0.907484, 0, -0.420086, -60.2008, 3.08522, -80.19)
player = NodePath("../../Player")

[node name="Sponge6" parent="FixElements" instance=ExtResource("7_2pjk2")]
transform = Transform3D(1, 0, 0, 0, 1, 0, 0, 0, 1, 16.0673, -13.9549, 39.3903)

[node name="SpawnTimer" type="Timer" parent="."]
wait_time = 30.0
one_shot = true
autostart = true

[node name="Ramp" parent="." instance=ExtResource("11_r4sra")]
transform = Transform3D(-0.888241, 0, 0.459378, 0, 1, 0, -0.459378, 0, -0.888241, 91.4497, 2.24283, 34.1473)

[node name="Sponge" parent="." instance=ExtResource("7_2pjk2")]
transform = Transform3D(1, 0, 0, 0, 1, 0, 0, 0, 1, 41.249, -14.2733, 4.4349)

[node name="shower head" parent="." instance=ExtResource("13_d61pc")]
transform = Transform3D(-0.0964649, 0.71747, 0.689878, 0.0993565, 0.696589, -0.710557, -0.990365, -1.13504e-08, -0.138482, -99.8926, 9.11078, 9.26229)

[connection signal="timeout" from="SpawnTimer" to="." method="_on_spawn_timer_timeout"]
